324A014
324A037
324A038
324A039
324A040
324A041
324A042
324A043
324A044
324A045
324A046
324A047
324A048
324A052
324A055
324A067
324A091
324A101
324A102
324A103
324A104
324A109
324A110
324A111
324A112
324B010
324B017
324B042
324B045
324B046
324B047
324B048
324B050
324B052
324B055
324B066
324B070
324B072
324B094
324B096
324B097
324B098
324B099
324B100
324B101
324B102
324B103
324B104
324B105
324B108
324B109
324B110
324B111
324B112
324C001
324C066
324C068
324C088
324C095
324C096
324C097
324C098
324C099
324C100
324C102
324C103
324C104
324C105
324C106
324C107
324C108
324C109
324C112
324D025
324D029
324D030
324D031
324D032
324D033
324D034
324D035
324D036
324D037
324D038
324D039
324D040
324D041
324D042
324D043
324D044
324D045
324D046
324D047
324D048
324D049
324D050
324D051
324D052
324D053
324D054
324D055
324D056
324D057
324D058
324D059
324D060
324D061
324D062
324D063
324D064
324D065
324D066
324D067
324D068
324D069
324D070
324D071
324D072
324D076
324D088
324D089
324D090
324D091
324D093
324D094
324D095
324D096
324D097
324D098
324D099
324D100
324D101
324D102
324D103
324D104
324D105
324D106
324D107
324D108
324D109
324D110
324D111
324D112
324E001
324E002
324E003
324E004
324E005
324E006
324E007
324E008
324E009
324E010
324E011
324E012
324E013
324E014
324E015
324E016
324E017
324E018
324E019
324E020
324E021
324E022
324E023
324E024
324E025
324E026
324E027
324E028
324E029
324E030
324E031
324E032
324E033
324E034
324E035
324E036
324E037
324E038
324E039
324E040
324E041
324E042
324E043
324E044
324E045
324E046
324E047
324E048
324E049
324E050
324E051
324E052
324E053
324E054
324E055
324E056
324E057
324E058
324E059
324E060
324E061
324E062
324E063
324E064
324E065
324E066
324E067
324E068
324E069
324E070
324E071
324E072
324E073
324E074
324E075
324E076
324E077
324E078
324E079
324E080
324E081
324E082
324E083
324E084
324E085
324E086
324E087
324E088
324E089
324E090
324E091
324E092
324E093
324E094
324E095
324E096
324E097
324E098
324E099
324E100
324E101
324E102
324E103
324E104
324E105
324E106
324E107
324E108
324E109
324E110
324E111
324E112
323A005
323A010
323A034
323A039
323A045
323A046
323A047
323A048
323A052
323A060
323A064
323A066
323A074
323A089
323A095
323A104
323A109
323A110
323A111
323A112
323B014
323B016
323B038
323B044
323B045
323B046
323B047
323B048
323B065
323B068
323B070
323B071
323B072
323B091
323B093
323B094
323B095
323B096
323B097
323B100
323B108
323B109
323B110
323B111
323B112
323C068
323C072
323C089
323C090
323C091
323C092
323C093
323C094
323C095
323C096
323C097
323C098
323C099
323C100
323C101
323C102
323C103
323C105
323C106
323C108
323C109
323C111
323C112
323D007
323D008
323D019
323D039
323D040
323D041
323D042
323D043
323D044
323D045
323D046
323D047
323D048
323D049
323D050
323D051
323D052
323D053
323D054
323D055
323D056
323D057
323D058
323D059
323D060
323D061
323D062
323D063
323D064
323D065
323D066
323D067
323D068
323D069
323D070
323D071
323D072
323D073
323D074
323D075
323D076
323D077
323D078
323D079
323D080
323D081
323D082
323D083
323D084
323D085
323D086
323D087
323D088
323D089
323D090
323D091
323D092
323D093
323D094
323D095
323D096
323D097
323D098
323D099
323D100
323D101
323D102
323D103
323D104
323D105
323D106
323D107
323D108
323D109
323D110
323D111
323D112
323E001
323E002
323E003
323E004
323E005
323E006
323E007
323E008
323E009
323E010
323E011
323E012
323E013
323E014
323E017
323E020
323E022
323E025
323E026
323E027
323E028
323E030
323E032
323E033
323E034
323E035
323E037
323E038
323E039
323E041
323E042
323E043
323E044
323E046
323E047
323E048
323E049
323E050
323E051
323E052
323E054
323E056
323E057
323E058
323E060
323E061
323E062
323E063
323E064
323E066
323E067
323E068
323E070
323E071
323E072
323E073
323E074
323E075
323E076
323E077
323E078
323E079
323E080
323E081
323E082
323E083
323E084
323E085
323E086
323E087
323E088
323E089
323E090
323E091
323E092
323E093
323E094
323E095
323E096
323E097
323E098
323E099
323E100
323E101
323E102
323E103
323E104
323E105
323E106
323E107
323E108
323E109
323E110
323E111
323E112
