322A008
322A021
322A025
322A029
322A036
322A039
322A040
322A043
322A045
322A046
322A047
322A048
322A052
322A053
322A070
322A085
322A094
322A095
322A109
322A110
322A111
322A112
322B027
322B028
322B040
322B045
322B046
322B047
322B048
322B050
322B064
322B065
322B068
322B069
322B071
322B076
322B084
322B085
322B086
322B087
322B088
322B089
322B090
322B091
322B092
322B093
322B094
322B096
322B097
322B099
322B103
322B104
322B105
322B106
322B109
322B110
322B111
322B112
322C045
322C070
322C088
322C097
322C098
322C099
322C100
322C103
322C105
322C106
322C107
322C108
322C109
322C110
322C111
322C112
322D004
322D009
322D010
322D011
322D013
322D018
322D019
322D020
322D021
322D022
322D023
322D024
322D025
322D026
322D027
322D028
322D029
322D030
322D031
322D032
322D033
322D034
322D035
322D036
322D037
322D038
322D039
322D040
322D043
322D044
322D045
322D046
322D047
322D048
322D049
322D050
322D051
322D052
322D053
322D054
322D058
322D059
322D060
322D061
322D062
322D063
322D064
322D065
322D066
322D067
322D068
322D069
322D070
322D071
322D072
322D073
322D074
322D075
322D076
322D077
322D078
322D079
322D080
322D081
322D082
322D083
322D084
322D085
322D086
322D087
322D088
322D089
322D090
322D091
322D092
322D093
322D094
322D095
322D096
322D097
322D098
322D099
322D100
322D101
322D102
322D103
322D104
322D105
322D106
322D107
322D108
322D109
322D110
322D111
322D112
322E001
322E002
322E004
322E006
322E007
322E008
322E009
322E012
322E013
322E014
322E015
322E016
322E018
322E019
322E020
322E021
322E022
322E033
322E034
322E035
322E036
322E037
322E038
322E039
322E040
322E041
322E042
322E043
322E045
322E047
322E049
322E050
322E051
322E052
322E054
322E057
322E058
322E059
322E060
322E061
322E062
322E063
322E066
322E067
322E069
322E070
322E071
322E072
322E073
322E075
322E076
322E077
322E078
322E079
322E080
322E081
322E082
322E083
322E084
322E085
322E086
322E089
322E090
322E091
322E092
322E093
322E094
322E095
322E096
322E097
322E098
322E099
322E100
322E101
322E102
322E103
322E104
322E105
322E106
322E107
322E108
322E109
322E110
322E111
322E112
321A002
321A045
321A046
321A047
321A048
321A056
321A059
321A101
321A105
321A109
321A110
321A111
321A112
321B013
321B034
321B045
321B046
321B047
321B048
321B053
321B055
321B060
321B065
321B066
321B067
321B070
321B096
321B103
321B108
321B109
321B110
321B111
321B112
321C045
321C046
321C047
321C048
321C057
321C069
321C070
321C071
321C076
321C092
321C097
321C098
321C099
321C100
321C101
321C102
321C103
321C106
321C107
321C108
321C109
321C112
321D005
321D014
321D016
321D022
321D047
321D048
321D049
321D050
321D051
321D052
321D053
321D054
321D055
321D056
321D057
321D058
321D059
321D060
321D061
321D062
321D063
321D064
321D065
321D066
321D067
321D068
321D071
321D072
321D073
321D074
321D085
321D086
321D087
321D088
321D089
321D090
321D091
321D092
321D093
321D094
321D095
321D096
321D097
321D098
321D099
321D100
321D101
321D102
321D103
321D104
321D105
321D106
321D107
321D108
321D109
321D110
321D111
321D112
321E001
321E002
321E006
321E007
321E009
321E010
321E011
321E012
321E013
321E014
321E015
321E016
321E017
321E018
321E020
321E021
321E022
321E023
321E024
321E025
321E027
321E028
321E033
321E034
321E036
321E037
321E038
321E039
321E040
321E041
321E042
321E043
321E044
321E045
321E046
321E047
321E048
321E050
321E051
321E052
321E054
321E055
321E056
321E057
321E058
321E059
321E060
321E061
321E062
321E063
321E064
321E065
321E067
321E068
321E069
321E070
321E071
321E072
321E073
321E074
321E075
321E076
321E077
321E078
321E079
321E080
321E081
321E082
321E083
321E084
321E085
321E086
321E087
321E088
321E089
321E090
321E091
321E092
321E093
321E094
321E095
321E096
321E097
321E098
321E099
321E100
321E101
321E102
321E103
321E104
321E105
321E106
321E107
321E108
321E109
321E110
321E111
321E112
